第1类:中心点：1.0253  该类样品编号：3   4   5   9  12  15  17  19  23  25  26
第2类:中心点：5.2724  该类样品编号：24  27  28
第3类:中心点：-3.1083  该类样品编号：1   8  13  14  18  22
第4类:中心点：-1.0557  该类样品编号：2   6   7  10  11  16  20  21

主成分得分(最后1列为样本编号，倒数第2列为总分，前面为各主成分得分)
-1.0078   -1.5238    0.3069   -2.2247    1.0000
   -1.3171   -0.4082    0.7825   -0.9428    2.0000
    0.9786   -0.7470    0.0711    0.3027    3.0000
    0.0033    1.0321    0.5413    1.5767    4.0000
   -0.7366    1.5868   -0.4443    0.4059    5.0000
   -1.1979   -1.0547    0.6770   -1.5755    6.0000
    0.1520   -1.8792    0.3809   -1.3463    7.0000
   -1.9902   -0.9654   -0.6034   -3.5589    8.0000
   -0.7670    0.7528    0.5590    0.5448    9.0000
    0.3584   -1.4631    0.8933   -0.2114   10.0000
   -0.6706   -1.1491    0.9959   -0.8239   11.0000
    1.2819   -0.4038   -0.5451    0.3329   12.0000
   -0.5460   -1.7265   -0.8445   -3.1170   13.0000
   -0.8892   -0.9457   -2.6348   -4.4696   14.0000
    1.1256   -1.0193   -0.0870    0.0193   15.0000
   -1.0415    0.3172   -0.5432   -1.2676   16.0000
    0.5959    0.0465    0.1913    0.8337   17.0000
   -0.4434   -2.1127   -0.0984   -2.6545   18.0000
   -0.3502    0.1266    1.2144    0.9908   19.0000
    0.1814   -0.6215   -0.4147   -0.8549   20.0000
   -1.2512   -0.4540    0.2822   -1.4230   21.0000
   -1.1170    1.3433   -2.8513   -2.6250   22.0000
   -1.3093    2.1536    0.9555    1.7998   23.0000
    6.0598    0.3470   -0.5674    5.8394   24.0000
   -0.0688    0.7387    1.1712    1.8412   25.0000
   -1.0940    4.6858   -0.9618    2.6300   26.0000
    4.6440    0.4950   -0.1727    4.9663   27.0000
    0.4168    2.8486    1.7461    5.0115   28.0000